NACA2412
1.000084 0.001257
1.000022 0.001270
0.999837 0.001309
0.999528 0.001373
0.999096 0.001463
0.998541 0.001579
0.997863 0.001720
0.997062 0.001886
0.996138 0.002078
0.995091 0.002295
0.993922 0.002537
0.992632 0.002803
0.991219 0.003095
0.989685 0.003410
0.988030 0.003750
0.986254 0.004114
0.984359 0.004501
0.982343 0.004912
0.980208 0.005345
0.977954 0.005801
0.975582 0.006280
0.973092 0.006781
0.970485 0.007303
0.967762 0.007847
0.964922 0.008411
0.961968 0.008996
0.958899 0.009601
0.955716 0.010226
0.952420 0.010870
0.949012 0.011532
0.945492 0.012213
0.941862 0.012912
0.938122 0.013628
0.934273 0.014361
0.930316 0.015110
0.926252 0.015875
0.922082 0.016656
0.917807 0.017451
0.913428 0.018261
0.908946 0.019084
0.904362 0.019920
0.899678 0.020769
0.894893 0.021631
0.890010 0.022503
0.885030 0.023387
0.879954 0.024281
0.874782 0.025185
0.869517 0.026099
0.864160 0.027021
0.858711 0.027951
0.853172 0.028889
0.847545 0.029833
0.841831 0.030784
0.836032 0.031741
0.830147 0.032704
0.824180 0.033670
0.818132 0.034641
0.812004 0.035616
0.805797 0.036593
0.799513 0.037573
0.793153 0.038555
0.786720 0.039537
0.780215 0.040520
0.773639 0.041504
0.766993 0.042486
0.760281 0.043468
0.753502 0.044448
0.746659 0.045425
0.739754 0.046400
0.732788 0.047371
0.725763 0.048338
0.718681 0.049300
0.711543 0.050257
0.704351 0.051209
0.697107 0.052154
0.689813 0.053092
0.682471 0.054023
0.675082 0.054945
0.667648 0.055859
0.660171 0.056764
0.652653 0.057659
0.645096 0.058544
0.637502 0.059418
0.629872 0.060281
0.622208 0.061131
0.614514 0.061969
0.606789 0.062794
0.599036 0.063606
0.591258 0.064403
0.583456 0.065185
0.575632 0.065953
0.567788 0.066704
0.559926 0.067439
0.552048 0.068158
0.544156 0.068859
0.536252 0.069542
0.528338 0.070207
0.520416 0.070852
0.512487 0.071479
0.504555 0.072086
0.496621 0.072672
0.488687 0.073238
0.480754 0.073782
0.472826 0.074304
0.464904 0.074804
0.456990 0.075282
0.449085 0.075737
0.441193 0.076168
0.433315 0.076575
0.425453 0.076957
0.417609 0.077315
0.409785 0.077648
0.401984 0.077956
0.394159 0.078235
0.386345 0.078480
0.378559 0.078691
0.370802 0.078866
0.363077 0.079006
0.355386 0.079111
0.347731 0.079180
0.340114 0.079214
0.332538 0.079212
0.325003 0.079174
0.317512 0.079101
0.310068 0.078991
0.302672 0.078847
0.295325 0.078666
0.288031 0.078450
0.280791 0.078198
0.273607 0.077911
0.266480 0.077588
0.259413 0.077231
0.252408 0.076839
0.245467 0.076412
0.238591 0.075951
0.231782 0.075456
0.225042 0.074927
0.218373 0.074365
0.211777 0.073770
0.205255 0.073142
0.198809 0.072482
0.192441 0.071790
0.186152 0.071067
0.179945 0.070314
0.173821 0.069530
0.167781 0.068716
0.161826 0.067873
0.155960 0.067002
0.150183 0.066103
0.144496 0.065177
0.138901 0.064223
0.133400 0.063244
0.127994 0.062240
0.122684 0.061211
0.117472 0.060158
0.112359 0.059082
0.107347 0.057983
0.102436 0.056863
0.097628 0.055722
0.092924 0.054560
0.088326 0.053379
0.083833 0.052180
0.079449 0.050962
0.075173 0.049728
0.071007 0.048477
0.066951 0.047211
0.063007 0.045930
0.059176 0.044635
0.055458 0.043327
0.051855 0.042007
0.048367 0.040675
0.044995 0.039333
0.041740 0.037980
0.038602 0.036618
0.035583 0.035248
0.032683 0.033870
0.029903 0.032484
0.027243 0.031093
0.024704 0.029695
0.022287 0.028293
0.019991 0.026886
0.017818 0.025475
0.015767 0.024061
0.013841 0.022645
0.012037 0.021226
0.010358 0.019806
0.008803 0.018385
0.007373 0.016963
0.006068 0.015542
0.004888 0.014120
0.003834 0.012700
0.002905 0.011280
0.002101 0.009862
0.001424 0.008446
0.000872 0.007032
0.000446 0.005620
0.000146 0.004211
-0.000029 0.002804
-0.000077 0.001401
0.000000 0.000000
0.000202 -0.001388
0.000527 -0.002755
0.000976 -0.004099
0.001547 -0.005421
0.002242 -0.006721
0.003059 -0.007999
0.003998 -0.009255
0.005060 -0.010488
0.006243 -0.011698
0.007547 -0.012886
0.008972 -0.014052
0.010517 -0.015194
0.012182 -0.016314
0.013967 -0.017411
0.015870 -0.018484
0.017891 -0.019534
0.020030 -0.020562
0.022286 -0.021565
0.024658 -0.022546
0.027146 -0.023502
0.029749 -0.024435
0.032466 -0.025345
0.035296 -0.026230
0.038239 -0.027092
0.041294 -0.027930
0.044460 -0.028743
0.047736 -0.029533
0.051121 -0.030299
0.054615 -0.031040
0.058216 -0.031757
0.061924 -0.032450
0.065737 -0.033119
0.069655 -0.033764
0.073676 -0.034384
0.077800 -0.034980
0.082025 -0.035553
0.086351 -0.036100
0.090776 -0.036624
0.095299 -0.037124
0.099919 -0.037600
0.104635 -0.038052
0.109445 -0.038481
0.114349 -0.038885
0.119346 -0.039267
0.124433 -0.039625
0.129611 -0.039960
0.134877 -0.040272
0.140230 -0.040561
0.145670 -0.040828
0.151194 -0.041072
0.156801 -0.041295
0.162491 -0.041495
0.168261 -0.041674
0.174111 -0.041833
0.180039 -0.041970
0.186043 -0.042086
0.192123 -0.042183
0.198276 -0.042260
0.204501 -0.042317
0.210798 -0.042355
0.217164 -0.042375
0.223598 -0.042376
0.230098 -0.042360
0.236663 -0.042326
0.243292 -0.042276
0.249983 -0.042209
0.256734 -0.042126
0.263543 -0.042028
0.270410 -0.041915
0.277333 -0.041788
0.284310 -0.041647
0.291339 -0.041492
0.298419 -0.041325
0.305548 -0.041145
0.312725 -0.040954
0.319947 -0.040752
0.327214 -0.040539
0.334524 -0.040316
0.341874 -0.040084
0.349264 -0.039843
0.356691 -0.039594
0.364153 -0.039337
0.371650 -0.039073
0.379179 -0.038802
0.386739 -0.038526
0.394327 -0.038244
0.401958 -0.037956
0.409661 -0.037659
0.417386 -0.037349
0.425133 -0.037028
0.432899 -0.036696
0.440681 -0.036354
0.448480 -0.036001
0.456292 -0.035639
0.464115 -0.035267
0.471948 -0.034886
0.479789 -0.034498
0.487635 -0.034101
0.495486 -0.033697
0.503338 -0.033286
0.511191 -0.032869
0.519041 -0.032445
0.526888 -0.032016
0.534729 -0.031581
0.542563 -0.031142
0.550387 -0.030698
0.558199 -0.030250
0.565998 -0.029799
0.573782 -0.029344
0.581548 -0.028886
0.589296 -0.028426
0.597022 -0.027963
0.604725 -0.027498
0.612403 -0.027032
0.620054 -0.026564
0.627676 -0.026096
0.635268 -0.025627
0.642827 -0.025157
0.650352 -0.024687
0.657840 -0.024218
0.665291 -0.023749
0.672701 -0.023280
0.680069 -0.022813
0.687394 -0.022347
0.694673 -0.021882
0.701905 -0.021418
0.709087 -0.020957
0.716219 -0.020497
0.723297 -0.020040
0.730321 -0.019585
0.737289 -0.019133
0.744199 -0.018683
0.751048 -0.018236
0.757837 -0.017793
0.764561 -0.017352
0.771221 -0.016915
0.777814 -0.016482
0.784339 -0.016052
0.790794 -0.015626
0.797177 -0.015204
0.803487 -0.014786
0.809721 -0.014372
0.815880 -0.013963
0.821960 -0.013558
0.827961 -0.013158
0.833881 -0.012762
0.839718 -0.012371
0.845471 -0.011985
0.851138 -0.011605
0.856718 -0.011229
0.862210 -0.010858
0.867612 -0.010493
0.872923 -0.010134
0.878141 -0.009780
0.883265 -0.009431
0.888293 -0.009089
0.893225 -0.008752
0.898060 -0.008422
0.902795 -0.008097
0.907429 -0.007779
0.911963 -0.007467
0.916393 -0.007161
0.920720 -0.006862
0.924941 -0.006570
0.929057 -0.006285
0.933065 -0.006006
0.936965 -0.005734
0.940756 -0.005469
0.944437 -0.005212
0.948006 -0.004962
0.951464 -0.004719
0.954808 -0.004483
0.958039 -0.004255
0.961155 -0.004035
0.964155 -0.003823
0.967039 -0.003618
0.969806 -0.003421
0.972455 -0.003233
0.974985 -0.003052
0.977397 -0.002880
0.979688 -0.002716
0.981860 -0.002561
0.983910 -0.002413
0.985838 -0.002275
0.987645 -0.002145
0.989329 -0.002024
0.990890 -0.001911
0.992328 -0.001807
0.993642 -0.001712
0.994832 -0.001626
0.995898 -0.001549
0.996838 -0.001481
0.997654 -0.001421
0.998345 -0.001371
0.998910 -0.001330
0.999350 -0.001298
0.999665 -0.001275
0.999853 -0.001262
0.999916 -0.001257
